Starting Dynare (version 6.2).
Calling Dynare with arguments: none
Starting preprocessing of the model file ... 
Substitution of endo leads >= 2: added 9 auxiliary variables and equations. 
Substitution of endo lags >= 2: added 10 auxiliary variables and equations. 
Found 42 equation(s). 
Evaluating expressions... 
Computing static model derivatives (order 1). 
Normalizing the static model... 
Finding the optimal block decomposition of the static model... 
3 block(s) found: 
  1 recursive block(s) and 2 simultaneous block(s). 
  the largest simultaneous block has 38 equation(s) 
                                 and 38 feedback variable(s). 
Computing dynamic model derivatives (order 1). 
Normalizing the dynamic model... 
Normalization failed with cutoff, trying symbolic normalization... 
Could not normalize the dynamic model. Variable X_F is not in the maximum cardinality matching. 
Preprocessing completed. 
Preprocessing time: 0h00m00s.

STEADY-STATE RESULTS:

C_H               		 0.826091
L_H               		 0.696782
N_H               		 0.303218
A_H               		 0.606436
K_H               		 11.0148
Z_H               		 1.0987
X_H               		 0.27537
LAMBDA_H          		 1
S_H               		 0.27537
NX_H              		 0
Y_H               		 1.10146
C_F               		 0.826091
L_F               		 0.696782
N_F               		 0.303218
A_F               		 0.606436
K_F               		 11.0148
Z_F               		 1.0987
X_F               		 0.27537
LAMBDA_F          		 1
S_F               		 0.27537
NX_F              		 0
Y_F               		 1.10146
LGM               		 0.278732

EIGENVALUES:
         Modulus             Real        Imaginary
       3.709e-15       -3.709e-15                0
       1.157e-14       -1.157e-14                0
       3.667e-06       -3.667e-06                0
       3.667e-06        1.834e-06        3.176e-06
       3.667e-06        1.834e-06       -3.176e-06
       4.913e-06        4.913e-06                0
       4.913e-06       -2.456e-06        4.255e-06
       4.913e-06       -2.456e-06       -4.255e-06
       0.0006354       -0.0006354                0
       0.0006357       -2.917e-07        0.0006357
       0.0006357       -2.917e-07       -0.0006357
        0.000636         0.000636                0
             0.5              0.5                0
             0.5              0.5                0
          0.7265          -0.7265                0
          0.7929          0.05082           0.7913
          0.7929          0.05082          -0.7913
           0.818            0.818                0
           0.969            0.969                0
           0.994            0.994                0
           1.042            1.042                0
           1.274          0.08164            1.271
           1.274          0.08164           -1.271
            1.39            -1.39                0
            3673             2597             2597
            3673             2597            -2597
            3673            -2597             2597
            3673            -2597            -2597
       1.942e+04       -1.942e+04                0
       1.942e+04           0.9036        1.942e+04
       1.942e+04           0.9036       -1.942e+04
       1.942e+04        1.942e+04                0
       3.003e+33        3.003e+33                0
       7.789e+33       -7.789e+33                0
             Inf              Inf                0
             Inf              Inf                0

There are 16 eigenvalue(s) larger than 1 in modulus for 16 forward-looking variable(s)
The rank condition is verified.


MODEL SUMMARY

  Number of variables:         42
  Number of stochastic shocks: 2
  Number of state variables:   20
  Number of jumpers:           16
  Number of static variables:  8


MATRIX OF COVARIANCE OF EXOGENOUS SHOCKS
Variables         E_H       E_F
E_H          0.000073  0.000019
E_F          0.000019  0.000073

POLICY AND TRANSITION FUNCTIONS
                                 C_H             L_H             N_H             A_H             K_H             Z_H             X_H        LAMBDA_H             S_H            NX_H             Y_H             C_F             L_F             N_F             A_F             K_F             Z_F             X_F        LAMBDA_F             S_F            NX_F             Y_F             LGM
Constant                    0.826091        0.696782        0.303218        0.606436       11.014795        1.098697        0.275370        1.000000        0.275370               0        1.101461        0.826091        0.696782        0.303218        0.606436       11.014795        1.098697        0.275370        1.000000        0.275370               0        1.101461        0.278732
A_H(-1)                            0               0               0        0.500000               0               0               0               0               0               0               0               0               0               0               0               0               0               0               0               0               0               0               0
K_H(-1)                     0.013152        0.005880       -0.005880       -0.005880        0.349915        0.007711       -0.156271               0       -0.625085        0.110649       -0.013533        0.013152        0.005880       -0.005880       -0.005880        0.349915        0.007711        0.087479               0        0.349915       -0.110649       -0.013533       -0.007499
Z_H(-1)                     0.023611       -0.002992        0.002992        0.002992        1.079008        0.209348        0.269752               0        1.079008        0.466904        0.016987        0.017337        0.007751       -0.007751       -0.007751        1.079008        0.209348        0.269752               0        1.079008       -0.466904       -0.017839       -0.009885
S_H(-1)                    -0.010263       -0.004589        0.004589        0.004589       -0.387216       -0.007373        0.153196               0       -0.387216       -0.113486        0.010560       -0.010263       -0.004589        0.004589        0.004589       -0.387216       -0.007373       -0.096804               0       -0.387216        0.113486        0.010560        0.005852
A_F(-1)                            0               0               0               0               0               0               0               0               0               0               0               0               0               0        0.500000               0               0               0               0               0               0               0               0
K_F(-1)                     0.013152        0.005880       -0.005880       -0.005880        0.349915        0.007711        0.087479               0        0.349915       -0.110649       -0.013533        0.013152        0.005880       -0.005880       -0.005880        0.349915        0.007711       -0.156271               0       -0.625085        0.110649       -0.013533       -0.007499
Z_F(-1)                     0.017337        0.007751       -0.007751       -0.007751        1.079008        0.209348        0.269752               0        1.079008       -0.466904       -0.017839        0.023611       -0.002992        0.002992        0.002992        1.079008        0.209348        0.269752               0        1.079008        0.466904        0.016987       -0.009885
S_F(-1)                    -0.010263       -0.004589        0.004589        0.004589       -0.387216       -0.007373       -0.096804               0       -0.387216        0.113486        0.010560       -0.010263       -0.004589        0.004589        0.004589       -0.387216       -0.007373        0.153196               0       -0.387216       -0.113486        0.010560        0.005852
K_H(-2)                     0.000490        0.000219       -0.000219       -0.000219       -0.009893        0.001478       -0.002473               0       -0.009893               0       -0.000505        0.000490        0.000219       -0.000219       -0.000219       -0.009893        0.001478       -0.002473               0       -0.009893               0       -0.000505       -0.000280
K_H(-3)                     0.000463        0.000207       -0.000207       -0.000207       -0.018435        0.033007       -0.004609               0       -0.018435       -0.026635       -0.000476        0.000463        0.000207       -0.000207       -0.000207       -0.018435       -0.025667       -0.004609               0       -0.018435        0.026635       -0.000476       -0.000264
K_H(-4)                     0.006231       -0.008799        0.008799        0.008799        0.053936        0.010465        0.013484               0        0.053936        0.023339        0.055887        0.000867        0.000387       -0.000387       -0.000387        0.053936        0.010465        0.013484               0        0.053936       -0.023339       -0.000892       -0.000494
S_H(-2)                    -0.007461       -0.003336        0.003336        0.003336       -0.358712       -0.020184        0.160322               0       -0.358712       -0.113486        0.007677       -0.007461       -0.003336        0.003336        0.003336       -0.358712       -0.020184       -0.089678               0       -0.358712        0.113486        0.007677        0.004254
S_H(-3)                    -0.004214       -0.001884        0.001884        0.001884       -0.262264       -0.050884        0.184434               0       -0.262264       -0.113486        0.004336       -0.004214       -0.001884        0.001884        0.001884       -0.262264       -0.050884       -0.065566               0       -0.262264        0.113486        0.004336        0.002403
K_F(-2)                     0.000490        0.000219       -0.000219       -0.000219       -0.009893        0.001478       -0.002473               0       -0.009893               0       -0.000505        0.000490        0.000219       -0.000219       -0.000219       -0.009893        0.001478       -0.002473               0       -0.009893               0       -0.000505       -0.000280
K_F(-3)                     0.000463        0.000207       -0.000207       -0.000207       -0.018435       -0.025667       -0.004609               0       -0.018435        0.026635       -0.000476        0.000463        0.000207       -0.000207       -0.000207       -0.018435        0.033007       -0.004609               0       -0.018435       -0.026635       -0.000476       -0.000264
K_F(-4)                     0.000867        0.000387       -0.000387       -0.000387        0.053936        0.010465        0.013484               0        0.053936       -0.023339       -0.000892        0.006231       -0.008799        0.008799        0.008799        0.053936        0.010465        0.013484               0        0.053936        0.023339        0.055887       -0.000494
S_F(-2)                    -0.007461       -0.003336        0.003336        0.003336       -0.358712       -0.020184       -0.089678               0       -0.358712        0.113486        0.007677       -0.007461       -0.003336        0.003336        0.003336       -0.358712       -0.020184        0.160322               0       -0.358712       -0.113486        0.007677        0.004254
S_F(-3)                    -0.004214       -0.001884        0.001884        0.001884       -0.262264       -0.050884       -0.065566               0       -0.262264        0.113486        0.004336       -0.004214       -0.001884        0.001884        0.001884       -0.262264       -0.050884        0.184434               0       -0.262264       -0.113486        0.004336        0.002403
LAMBDA_H(-1)                0.356099       -0.161927        0.161927        0.161927        8.865347        0.746282        2.216337        0.906000        8.865347       -1.777810        1.360531        0.221839        0.067992       -0.067992       -0.067992       -7.142393       -0.454954       -1.785598        0.088000       -7.142393        1.777810       -0.060526       -0.118252
LAMBDA_F(-1)                0.221839        0.067992       -0.067992       -0.067992       -7.142393       -0.454954       -1.785598        0.088000       -7.142393        1.777810       -0.060526        0.356099       -0.161927        0.161927        0.161927        8.865347        0.746282        2.216337        0.906000        8.865347       -1.777810        1.360531       -0.118252
E_H                         0.372779       -0.187789        0.187789        0.187789       10.651359        0.880795        2.662840        1.000000       10.651359       -2.173361        1.522542        0.208648        0.093286       -0.093286       -0.093286       -8.918005       -0.587709       -2.229501               0       -8.918005        2.173361       -0.214691       -0.118966
E_F                         0.208648        0.093286       -0.093286       -0.093286       -8.918005       -0.587709       -2.229501               0       -8.918005        2.173361       -0.214691        0.372779       -0.187789        0.187789        0.187789       10.651359        0.880795        2.662840        1.000000       10.651359       -2.173361        1.522542       -0.118966


THEORETICAL MOMENTS (HP filter, lambda = 1600)
VARIABLE         MEAN  STD. DEV.   VARIANCE
C_H            0.8261     0.0053     0.0000
L_H            0.6968     0.0024     0.0000
N_H            0.3032     0.0024     0.0000
A_H            0.6064     0.0039     0.0000
K_H           11.0148     0.1261     0.0159
Z_H            1.0987     0.0131     0.0002
X_H            0.2754     0.0437     0.0019
LAMBDA_H       1.0000     0.0108     0.0001
S_H            0.2754     0.1047     0.0110
NX_H           0.0000     0.0440     0.0019
Y_H            1.1015     0.0174     0.0003
C_F            0.8261     0.0053     0.0000
L_F            0.6968     0.0024     0.0000
N_F            0.3032     0.0024     0.0000
A_F            0.6064     0.0039     0.0000
K_F           11.0148     0.1261     0.0159
Z_F            1.0987     0.0131     0.0002
X_F            0.2754     0.0437     0.0019
LAMBDA_F       1.0000     0.0108     0.0001
S_F            0.2754     0.1047     0.0110
NX_F           0.0000     0.0440     0.0019
Y_F            1.1015     0.0174     0.0003
LGM            0.2787     0.0021     0.0000



VARIANCE DECOMPOSITION (in percent) (HP filter, lambda = 1600)
               E_H     E_F
C_H          80.86   19.14
L_H          67.89   32.11
N_H          67.89   32.11
A_H          67.87   32.13
K_H          40.83   59.17
Z_H          49.75   50.25
X_H          42.38   57.62
LAMBDA_H     93.94    6.06
S_H          45.49   54.51
NX_H         37.10   62.90
Y_H          89.35   10.65
C_F          41.78   58.22
L_F          12.14   87.86
N_F          12.14   87.86
A_F          11.94   88.06
K_F          34.93   65.07
Z_F          27.41   72.59
X_F          32.56   67.44
LAMBDA_F     14.07   85.93
S_F          29.30   70.70
NX_F         37.10   62.90
Y_F           5.81   94.19
LGM          62.90   37.10



MATRIX OF CORRELATIONS (HP filter, lambda = 1600)
Variables         C_H       L_H       N_H       A_H       K_H       Z_H       X_H  LAMBDA_H       S_H      NX_H       Y_H       C_F       L_F       N_F       A_F       K_F       Z_F       X_F  LAMBDA_F       S_F      NX_F       Y_F       LGM
C_H            1.0000   -0.5460    0.5460    0.5203    0.3194    0.4186    0.1688    0.8965    0.1259    0.0031    0.8043    0.8775   -0.0799    0.0799    0.0895   -0.0858   -0.0103    0.0527    0.6549    0.0056   -0.0031    0.4230   -0.9685
L_H           -0.5460    1.0000   -1.0000   -0.9213   -0.7998   -0.8780   -0.2580   -0.7287   -0.2550   -0.0116   -0.9368   -0.0799   -0.7742    0.7742    0.7185    0.7424    0.7547    0.1841    0.1907    0.2027    0.0116    0.5145    0.3203
N_H            0.5460   -1.0000    1.0000    0.9213    0.7998    0.8780    0.2580    0.7287    0.2550    0.0116    0.9368    0.0799    0.7742   -0.7742   -0.7185   -0.7424   -0.7547   -0.1841   -0.1907   -0.2027   -0.0116   -0.5145   -0.3203
A_H            0.5203   -0.9213    0.9213    1.0000    0.6512    0.8448    0.0896    0.6216   -0.0279    0.1838    0.8659    0.0895    0.7185   -0.7185   -0.7826   -0.5816   -0.7161   -0.0127   -0.1134    0.0608   -0.1838   -0.4679   -0.3146
K_H            0.3194   -0.7998    0.7998    0.6512    1.0000    0.8243    0.7304    0.6599    0.4447   -0.5324    0.7035   -0.0858    0.7424   -0.7424   -0.5816   -0.9397   -0.7500   -0.7070   -0.4965   -0.4335    0.5324   -0.5665   -0.1236
Z_H            0.4186   -0.8780    0.8780    0.8448    0.8243    1.0000    0.3762    0.6273    0.1974   -0.1758    0.7961   -0.0103    0.7547   -0.7547   -0.7161   -0.7500   -0.8852   -0.3321   -0.3112   -0.1742    0.1758   -0.5392   -0.2125
X_H            0.1688   -0.2580    0.2580    0.0896    0.7304    0.3762    1.0000    0.5215    0.4276   -0.9503    0.2598    0.0527    0.1841   -0.1841   -0.0127   -0.7070   -0.3321   -0.9710   -0.3354   -0.4165    0.9503   -0.1151   -0.1143
LAMBDA_H       0.8965   -0.7287    0.7287    0.6216    0.6599    0.6273    0.5215    1.0000    0.3194   -0.3174    0.8936    0.6549    0.1907   -0.1907   -0.1134   -0.4965   -0.3112   -0.3354    0.3106   -0.2041    0.3174    0.1365   -0.7972
S_H            0.1259   -0.2550    0.2550   -0.0279    0.4447    0.1974    0.4276    0.3194    1.0000   -0.4680    0.2471    0.0056    0.2027   -0.2027    0.0608   -0.4335   -0.1742   -0.4165   -0.2041   -0.9773    0.4680   -0.1542   -0.0666
NX_H           0.0031   -0.0116    0.0116    0.1838   -0.5324   -0.1758   -0.9503   -0.3174   -0.4680    1.0000    0.0014   -0.0031    0.0116   -0.0116   -0.1838    0.5324    0.1758    0.9503    0.3174    0.4680   -1.0000   -0.0014   -0.0000
Y_H            0.8043   -0.9368    0.9368    0.8659    0.7035    0.7961    0.2598    0.8936    0.2471    0.0014    1.0000    0.4230    0.5145   -0.5145   -0.4679   -0.5665   -0.5392   -0.1151    0.1365   -0.1542   -0.0014   -0.1876   -0.6311
C_F            0.8775   -0.0799    0.0799    0.0895   -0.0858   -0.0103    0.0527    0.6549    0.0056   -0.0031    0.4230    1.0000   -0.5460    0.5460    0.5203    0.3194    0.4186    0.1688    0.8965    0.1259    0.0031    0.8043   -0.9685
L_F           -0.0799   -0.7742    0.7742    0.7185    0.7424    0.7547    0.1841    0.1907    0.2027    0.0116    0.5145   -0.5460    1.0000   -1.0000   -0.9213   -0.7998   -0.8780   -0.2580   -0.7287   -0.2550   -0.0116   -0.9368    0.3203
N_F            0.0799    0.7742   -0.7742   -0.7185   -0.7424   -0.7547   -0.1841   -0.1907   -0.2027   -0.0116   -0.5145    0.5460   -1.0000    1.0000    0.9213    0.7998    0.8780    0.2580    0.7287    0.2550    0.0116    0.9368   -0.3203
A_F            0.0895    0.7185   -0.7185   -0.7826   -0.5816   -0.7161   -0.0127   -0.1134    0.0608   -0.1838   -0.4679    0.5203   -0.9213    0.9213    1.0000    0.6512    0.8448    0.0896    0.6216   -0.0279    0.1838    0.8659   -0.3146
K_F           -0.0858    0.7424   -0.7424   -0.5816   -0.9397   -0.7500   -0.7070   -0.4965   -0.4335    0.5324   -0.5665    0.3194   -0.7998    0.7998    0.6512    1.0000    0.8243    0.7304    0.6599    0.4447   -0.5324    0.7035   -0.1236
Z_F           -0.0103    0.7547   -0.7547   -0.7161   -0.7500   -0.8852   -0.3321   -0.3112   -0.1742    0.1758   -0.5392    0.4186   -0.8780    0.8780    0.8448    0.8243    1.0000    0.3762    0.6273    0.1974   -0.1758    0.7961   -0.2125
X_F            0.0527    0.1841   -0.1841   -0.0127   -0.7070   -0.3321   -0.9710   -0.3354   -0.4165    0.9503   -0.1151    0.1688   -0.2580    0.2580    0.0896    0.7304    0.3762    1.0000    0.5215    0.4276   -0.9503    0.2598   -0.1143
LAMBDA_F       0.6549    0.1907   -0.1907   -0.1134   -0.4965   -0.3112   -0.3354    0.3106   -0.2041    0.3174    0.1365    0.8965   -0.7287    0.7287    0.6216    0.6599    0.6273    0.5215    1.0000    0.3194   -0.3174    0.8936   -0.7972
S_F            0.0056    0.2027   -0.2027    0.0608   -0.4335   -0.1742   -0.4165   -0.2041   -0.9773    0.4680   -0.1542    0.1259   -0.2550    0.2550   -0.0279    0.4447    0.1974    0.4276    0.3194    1.0000   -0.4680    0.2471   -0.0666
NX_F          -0.0031    0.0116   -0.0116   -0.1838    0.5324    0.1758    0.9503    0.3174    0.4680   -1.0000   -0.0014    0.0031   -0.0116    0.0116    0.1838   -0.5324   -0.1758   -0.9503   -0.3174   -0.4680    1.0000    0.0014    0.0000
Y_F            0.4230    0.5145   -0.5145   -0.4679   -0.5665   -0.5392   -0.1151    0.1365   -0.1542   -0.0014   -0.1876    0.8043   -0.9368    0.9368    0.8659    0.7035    0.7961    0.2598    0.8936    0.2471    0.0014    1.0000   -0.6311
LGM           -0.9685    0.3203   -0.3203   -0.3146   -0.1236   -0.2125   -0.1143   -0.7972   -0.0666   -0.0000   -0.6311   -0.9685    0.3203   -0.3203   -0.3146   -0.1236   -0.2125   -0.1143   -0.7972   -0.0666    0.0000   -0.6311    1.0000



COEFFICIENTS OF AUTOCORRELATION (HP filter, lambda = 1600)
Order             1        2        3        4        5
C_H          0.7277   0.4968   0.3105   0.1655   0.0268
L_H          0.6843   0.4628   0.3519   0.3262   0.0676
N_H          0.6843   0.4628   0.3519   0.3262   0.0676
A_H          0.8817   0.7001   0.5277   0.3600   0.1320
K_H          0.6471   0.3737   0.1679   0.0176  -0.0905
Z_H          0.7119   0.5339   0.4710   0.1904  -0.0219
X_H          0.6202   0.2743  -0.0522  -0.3742  -0.3032
LAMBDA_H     0.6933   0.4421   0.2405   0.0824  -0.0377
S_H         -0.1118  -0.0955  -0.0784  -0.0598  -0.0506
NX_H         0.5027   0.2569   0.0621  -0.3409  -0.2835
Y_H          0.6868   0.4605   0.3238   0.2646   0.0490
C_F          0.7277   0.4968   0.3105   0.1655   0.0268
L_F          0.6843   0.4628   0.3519   0.3262   0.0676
N_F          0.6843   0.4628   0.3519   0.3262   0.0676
A_F          0.8817   0.7001   0.5277   0.3600   0.1320
K_F          0.6471   0.3737   0.1679   0.0176  -0.0905
Z_F          0.7119   0.5339   0.4710   0.1904  -0.0219
X_F          0.6202   0.2743  -0.0522  -0.3742  -0.3032
LAMBDA_F     0.6933   0.4421   0.2405   0.0824  -0.0377
S_F         -0.1118  -0.0955  -0.0784  -0.0598  -0.0506
NX_F         0.5027   0.2569   0.0621  -0.3409  -0.2835
Y_F          0.6868   0.4605   0.3238   0.2646   0.0490
LGM          0.7367   0.5080   0.3158   0.1585   0.0289
Total computing time : 0h00m11s
