% 06-Apr-2022 17:45:49, created by C:dynare.0matlabdisp_th_moments.m 
 
\begin{center}
\begin{longtable}{lcccccccc} 
\caption{MATRIX OF CORRELATIONS (HP filter, lambda = 1600)}\\
 \label{Table:th_corr_matrix}\\
\toprule 
$Variables  $	 & 	 $   {\log(y)}$	 & 	 $   {\log(k)}$	 & 	 $   {\log(c)}$	 & 	 $   {\log(l)}$	 & 	 $   {\log(w)}$	 & 	 $          {r}$	 & 	 $          {z}$	 & 	 $    {\hat g}$\\
\midrule \endfirsthead 
\caption{(continued)}\\
 \toprule \\ 
$Variables  $	 & 	 $   {\log(y)}$	 & 	 $   {\log(k)}$	 & 	 $   {\log(c)}$	 & 	 $   {\log(l)}$	 & 	 $   {\log(w)}$	 & 	 $          {r}$	 & 	 $          {z}$	 & 	 $    {\hat g}$\\
\midrule \endhead 
\midrule \multicolumn{9}{r}{(Continued on next page)} \\ \bottomrule \endfoot 
\bottomrule \endlastfoot 
${\log(y)}  $	 & 	       1.0000	 & 	       0.3200	 & 	       0.7995	 & 	       0.8740	 & 	       0.9444	 & 	       0.9692	 & 	       0.9847	 & 	       0.1722 \\ 
${\log(k)}  $	 & 	       0.3200	 & 	       1.0000	 & 	       0.5188	 & 	       0.0670	 & 	       0.4462	 & 	       0.0771	 & 	       0.2942	 & 	       0.0203 \\ 
${\log(c)}  $	 & 	       0.7995	 & 	       0.5188	 & 	       1.0000	 & 	       0.4070	 & 	       0.9525	 & 	       0.7107	 & 	       0.8733	 & 	      -0.3969 \\ 
${\log(l)}  $	 & 	       0.8740	 & 	       0.0670	 & 	       0.4070	 & 	       1.0000	 & 	       0.6657	 & 	       0.8991	 & 	       0.7910	 & 	       0.5829 \\ 
${\log(w)}  $	 & 	       0.9444	 & 	       0.4462	 & 	       0.9525	 & 	       0.6657	 & 	       1.0000	 & 	       0.8802	 & 	       0.9770	 & 	      -0.1300 \\ 
${r}        $	 & 	       0.9692	 & 	       0.0771	 & 	       0.7107	 & 	       0.8991	 & 	       0.8802	 & 	       1.0000	 & 	       0.9611	 & 	       0.1685 \\ 
${z}        $	 & 	       0.9847	 & 	       0.2942	 & 	       0.8733	 & 	       0.7910	 & 	       0.9770	 & 	       0.9611	 & 	       1.0000	 & 	      -0.0000 \\ 
${\hat g}   $	 & 	       0.1722	 & 	       0.0203	 & 	      -0.3969	 & 	       0.5829	 & 	      -0.1300	 & 	       0.1685	 & 	      -0.0000	 & 	       1.0000 \\ 
\end{longtable}
 \end{center}
% End of TeX file.
